6.576542165033680476e+01
3.864001597208672223e+01
3.819475221679090993e+01
3.950283354656497892e+01
8.712937164599585671e+00
5.813461460382377055e+01
2.117960045188681661e+01
6.149542589009190152e+01
2.865813802243340902e+01
4.748268838531724612e+01
-2.112801473988151812e+01
7.330705890985056783e+01
1.031930325477773636e+02
8.873759082010806765e+01
8.630257738028110737e+01
8.724248031004906068e+01
7.942477292446834269e+01
9.304661226112111194e+01
8.510713448168488071e+01
8.267542849923596293e+01
3.651406948255942098e+01
6.945059324200467188e+01
7.920375091828087477e+01
8.537577333482386166e+01
8.967337293402928822e+01
6.075433130848651331e+01
4.257663807175554638e+01
-1.509437747655667117e+01
3.780565035890943193e+01
7.609364243594629329e+01
3.626609314921208238e+01
-2.520478744000313043e+01
8.723275675305436039e+01
-6.071228842823585659e+00
7.560758292451714624e+01
7.243744376669852159e+01
7.830689512450408074e+01
1.617436899257468852e+01
6.990142951102534141e+01
8.396071960456379202e+01
3.109237972558863916e+01
3.250756164728775843e+01
5.393132514746074690e+01
9.505981109952803365e+01
3.663844706493171799e+01
5.125392823744140713e+01
1.035680473197371469e+02
3.724954806950690767e+01
4.284623212886699406e+01
3.116735470538543495e+01
-1.057005498230926399e+01
9.086780414611693857e+01
5.278864883189064017e+01
7.737317305057339922e+01
4.247844415334566470e+00
5.159534978982583908e+01
2.454290728046473902e+01
2.990711221744314230e+01
2.638657215073446594e+01
9.259071488848447018e+01
-2.854059478660693827e+01
6.539348842030175035e+01
1.529777642096790125e+01
7.169098212994077812e+01
1.244945463057692692e+01
7.072759146357390136e+01
3.299114545357340944e+01
7.487318373449230080e+01
5.061483415013248077e+01
-2.372405959065104319e+00
2.331021238939248263e+01
9.104328663736119154e+01
6.592649379393282061e+01
4.158244488702968056e+01
7.940068615174767785e+01
9.058695145890622769e+01
7.796645194246792698e+01
7.932706067984499043e+01
2.075827821202790702e+01
2.657035898734766732e+01
6.996700053773844274e+01
1.271951379168434570e+01
7.097841291713682210e+01
5.730327993068661385e+01
8.779401615700648165e+01
1.256006475879559581e+01
3.082815679964169675e+01
6.912556510549126187e+01
5.845345028884666050e+01
6.756319121405365991e+01
3.716920237473524224e+01
8.895299846437102076e+01
7.094693957195498513e+01
8.487729162447165265e+01
6.513405616109399432e+01
8.556414354842574710e+01
4.491543568582950741e+01
3.083861443385714551e+01
7.424761311959244381e+01
8.986737618372032443e+01
6.675268678997268523e+01
1.067928689012156127e+02
3.672023049684261764e+01
4.378671606240337866e+01
7.220906961745424724e+01
2.435306773238457723e+01
4.943083612776535318e+01
4.233390695500702350e+01
6.015190610034777308e+01
6.107016437648317009e+01
8.672985699882137567e+01
9.250149633385507286e+01
2.567044537356815681e+01
7.869534646341105599e+01
1.041846735315773032e+02
-2.262296820271255271e+01
5.383014852228476599e+01
6.211456898931922410e+01
1.009956700211527760e+02
-1.638383215031356244e+01
2.085928055580354368e+01
1.746332306470510787e+01
2.140017740998729323e+01
8.156690442440242350e+01
8.781710043999308368e+01
6.273018055365005097e+01
6.804220475235142729e+00
-1.359207819815177132e+01
-2.652439587323678438e+01
4.888328540788828036e+01
7.339303367131629230e+00
7.005381538176114020e+01
3.423577752735513258e+01
7.108252752192785806e+01
5.840006575753049844e+01
8.967741387299238909e+01
-2.607678551169972891e+01
6.068684897535251821e+01
7.856040524949517589e+01
7.544106232168633142e+01
5.236138333467429362e+01
5.857763846720416012e+01
9.806394611305119469e+00
3.909050627033816738e+01
7.868316618247465044e+01
-1.354039341393006879e+01
5.028332412740383717e+01
1.355819919139803531e+01
7.906464103724428583e+01
6.551809110262868785e+01
4.396150298342679719e+01
3.839177327445608512e+01
5.478548587300815598e+01
3.183518950189697705e+01
7.794308353133831702e+01
-1.197312539978777579e+01
5.294168516330012153e+01
5.202694354822838108e+01
1.274145059260985313e+01
4.513336724659245647e+01
7.756841445097872167e+01
2.117857868850870773e+01
2.480951926302516952e+01
3.542036612577599186e+01
5.352414366978074156e+01
3.828022454822296083e+01
3.162815073907095709e+01
6.447154296105864546e+01
4.424897247075457329e+01
6.262961237538379322e+01
2.503927305421667526e+01
6.216431133183294833e+01
8.821037896184593308e+01
1.931941149306139138e+01
3.746559041942376211e+01
5.113340646765342967e+01
8.556488191794149145e+01
9.388951176029746648e+01
3.704662853453704940e+01
7.761564092806401050e+01
3.359370156293795873e+01
-1.592214641250856211e+00
-1.626274306731033459e+00
6.966577410528049086e+01
4.070920508254759795e+01
6.637542434041691308e+00
5.493253523972908425e+01
7.936412769518051391e+01
5.353808531816273586e+01
-2.540559839409243281e+01
3.863856850222148864e+01
1.805611047500072175e+01
8.753525259949967108e+01
7.952017304144871446e+01
9.093396918357878178e+01
8.204608148470521201e+01
-1.851812185878500827e+01
5.436321465128720121e+01
1.390628633217266064e+01
5.427075271735349560e+01
